1  0.485 0.503 0.438
2  0.273 0.376 0.054
3  0.303 0.449 0.144
4  0.182 0.299 0.012
5  0.091 0.107 0.001
6  0.121 0.112 0.030
7  0.121 0.112 0.030
8  0.121 0.242 0.000
9  0.152 0.322 0.056
10  0.061 0.145 0.001
11  0.091 0.107 0.001
12  0.030 0.075 0.000
13  0.061 0.119 0.000
14  0.152 0.320 0.046
15  0.061 0.143 0.000
16  0.061 0.143 0.000
17  0.061 0.033 0.000
18  0.061 0.131 0.000
19  0.061 0.143 0.000
20  0.091 0.209 0.032
21  0.061 0.143 0.000
22  0.061 0.131 0.000
23  0.061 0.143 0.000
24  0.152 0.212 0.018
25  0.091 0.081 0.002
26  0.091 0.084 0.004
27  0.061 0.107 0.000
28  0.121 0.189 0.022
29  0.091 0.185 0.002
30  0.121 0.191 0.003
31  0.121 0.247 0.014
32  0.182 0.270 0.138
33  0.364 0.436 0.145
34  0.515 0.528 0.304