1   16.000   0.355 231.071
2    9.000   0.266  28.479
3   10.000   0.317  75.851
4    6.000   0.211   6.288
5    3.000   0.076   0.333
6    4.000   0.079  15.833
7    4.000   0.079  15.833
8    4.000   0.171   0.000
9    5.000   0.227  29.529
10    2.000   0.103   0.448
11    3.000   0.076   0.333
12    1.000   0.053   0.000
13    2.000   0.084   0.000
14    5.000   0.226  24.216
15    2.000   0.101   0.000
16    2.000   0.101   0.000
17    2.000   0.024   0.000
18    2.000   0.092   0.000
19    2.000   0.101   0.000
20    3.000   0.148  17.147
21    2.000   0.101   0.000
22    2.000   0.092   0.000
23    2.000   0.101   0.000
24    5.000   0.150   9.300
25    3.000   0.057   1.167
26    3.000   0.059   2.028
27    2.000   0.076   0.000
28    4.000   0.133  11.792
29    3.000   0.131   0.948
30    4.000   0.135   1.543
31    4.000   0.175   7.610
32    6.000   0.191  73.010
33   12.000   0.309  76.690
34   17.000   0.373 160.552